# DESCRIPTION: Verilator output: Timestamp data for --skip-identical.  Delete at will.
C "--timing --cc --binary --top-module tb_main_datapath --trace --build /home/mutahir/Documents/SV/ooo-core/Design/main_datapath.sv /home/mutahir/Documents/SV/ooo-core/Design/tb_main_datapath.sv"
S     25283 29364807  1783539685   674850000  1783539685   674850000 "/home/mutahir/Documents/SV/ooo-core/Design/main_datapath.sv"
S      4676 29365591  1783537778   301717528  1783537778   301717528 "/home/mutahir/Documents/SV/ooo-core/Design/tb_main_datapath.sv"
S  10993608 19150997  1750257847   553552427  1705136080           0 "/usr/bin/verilator_bin"
S      4942 19661660  1750257847   558552475  1705136080           0 "/usr/share/verilator/include/verilated_std.sv"
S      1576 29390081  1783517450    44028133  1783517450    44028133 "ALUCU.sv"
S      2984 29362317  1783271165   351114967  1783271165   351114967 "BIQ.sv"
S      2873 29363735  1783446141   776258098  1783446141   776258098 "BS.sv"
S      3136 29362664  1783271165   353114942  1783271165   353114942 "BTB.sv"
S      4533 29365587  1783513454   326824081  1783513454   326824081 "CU.sv"
S     10788 29364225  1783539541   158785012  1783539541   158785012 "DIS_Stage.sv"
S      2615 29363971  1783271165   354008542  1783271165   354008542 "FL.sv"
S       648 29363247  1783271165   354526420  1783271165   354526420 "GHR.sv"
S      7531 29363589  1783539416   176082338  1783539416   176082338 "ID_Stage.sv"
S      2265 29363608  1783271165   356078640  1783271165   356078640 "IF_Stage.sv"
S      1452 29365645  1776365138    32092981  1776365138    32092981 "IG.sv"
S       464 29364228  1783271165   356451343  1783271165   356451343 "IM.sv"
S     16209 29363868  1783538627   265523274  1783538627   265523274 "IQ.sv"
S       874 29364059  1783271165   356776960  1783271165   356776960 "PC.sv"
S      5248 29364117  1783271165   357195720  1783271165   357195720 "PD_Stage.sv"
S      1313 29364234  1783271165   357656572  1783271165   357656572 "PHT.sv"
S      1104 29365549  1783271165   357894950  1783271165   357894950 "PreDecode.sv"
S      2000 29364378  1783271165   358308358  1783271165   358308358 "RAS.sv"
S      5475 29364749  1783271165   358773006  1783271165   358773006 "RMT.sv"
S      8744 29365588  1783539489   370712314  1783539489   370712314 "RN_Stage.sv"
S      4385 29364794  1783538987   639594657  1783538987   639594657 "ROB.sv"
T      5584 33977187  1783585870   566735451  1783585870   566735451 "obj_dir/Vtb_main_datapath.cpp"
T      3361 33977186  1783585870   566590033  1783585870   566590033 "obj_dir/Vtb_main_datapath.h"
T      1806 33977212  1783585870   607100862  1783585870   607100862 "obj_dir/Vtb_main_datapath.mk"
T     61641 33977183  1783585870   565043067  1783585870   565043067 "obj_dir/Vtb_main_datapath__ConstPool_0.cpp"
T      1630 33977179  1783585870   563042984  1783585870   563042984 "obj_dir/Vtb_main_datapath__Syms.cpp"
T      1534 33977180  1783585870   564134934  1783585870   564134934 "obj_dir/Vtb_main_datapath__Syms.h"
T       329 33977202  1783585870   605848286  1783585870   605848286 "obj_dir/Vtb_main_datapath__TraceDecls__0__Slow.cpp"
T     77937 33977204  1783585870   606892607  1783585870   606892607 "obj_dir/Vtb_main_datapath__Trace__0.cpp"
T    284278 33977199  1783585870   605848286  1783585870   605848286 "obj_dir/Vtb_main_datapath__Trace__0__Slow.cpp"
T     84851 33977189  1783585870   567905653  1783585870   567905653 "obj_dir/Vtb_main_datapath___024root.h"
T   1136130 33977195  1783585870   592044191  1783585870   592044191 "obj_dir/Vtb_main_datapath___024root__DepSet_h2882a48d__0.cpp"
T    432951 33977193  1783585870   574749915  1783585870   574749915 "obj_dir/Vtb_main_datapath___024root__DepSet_h2882a48d__0__Slow.cpp"
T    600481 33977196  1783585870   600044525  1783585870   600044525 "obj_dir/Vtb_main_datapath___024root__DepSet_h2882a48d__1.cpp"
T      5801 33977198  1783585870   601923413  1783585870   601923413 "obj_dir/Vtb_main_datapath___024root__DepSet_h2882a48d__2.cpp"
T      5030 33977194  1783585870   577927805  1783585870   577927805 "obj_dir/Vtb_main_datapath___024root__DepSet_h973ffe47__0.cpp"
T       981 33977192  1783585870   568912684  1783585870   568912684 "obj_dir/Vtb_main_datapath___024root__DepSet_h973ffe47__0__Slow.cpp"
T       824 33977190  1783585870   568036833  1783585870   568036833 "obj_dir/Vtb_main_datapath___024root__Slow.cpp"
T      1030 33977207  1783585870   606980843  1783585870   606980843 "obj_dir/Vtb_main_datapath__main.cpp"
T       749 33977188  1783585870   566781768  1783585870   566781768 "obj_dir/Vtb_main_datapath__pch.h"
T      1331 33977214  1783585870   607100862  1783585870   607100862 "obj_dir/Vtb_main_datapath__ver.d"
T         0        0  1783585870   607100862  1783585870   607100862 "obj_dir/Vtb_main_datapath__verFiles.dat"
T      2039 33977209  1783585870   607033152  1783585870   607033152 "obj_dir/Vtb_main_datapath_classes.mk"
